Patos:
  latitude: -7.02556
  longitude: -37.2779
Pombal:
  latitude: -6.76885
  longitude: -37.7957
Campina Grande:
  latitude: -7.23072
  longitude: -35.8817
João Pessoa:
  latitude: -7.11532
  longitude: -34.861